#shannon= 2.766932e+00
0 2.766932e+00
1 2.626527e+00
2 2.523629e+00
3 2.435250e+00
4 2.356612e+00
5 2.285390e+00
6 2.220294e+00
7 2.160475e+00
8 2.105323e+00
9 2.054395e+00
10 2.007321e+00
11 1.963788e+00
12 1.923651e+00
13 1.886742e+00
14 1.852874e+00
15 1.821637e+00
16 1.792148e+00
17 1.763563e+00
18 1.734117e+00
19 1.704597e+00
20 1.673778e+00
21 1.641796e+00
22 1.609732e+00
23 1.576914e+00
24 1.544203e+00
25 1.511931e+00
26 1.480392e+00
27 1.450106e+00
28 1.420873e+00
29 1.392596e+00
30 1.365369e+00
31 1.339407e+00
32 1.314555e+00
33 1.290696e+00
34 1.267738e+00
35 1.245323e+00
36 1.223451e+00
37 1.201737e+00
38 1.180320e+00
39 1.159022e+00
40 1.138106e+00
41 1.117289e+00
42 1.096557e+00
43 1.076142e+00
44 1.056018e+00
45 1.036562e+00
46 1.017738e+00
47 9.992639e-01
48 9.812201e-01
49 9.635007e-01
50 9.461686e-01
51 9.289261e-01
52 9.122835e-01
53 8.960075e-01
54 8.799654e-01
55 8.641022e-01
56 8.483642e-01
57 8.327408e-01
58 8.173463e-01
59 8.020689e-01
60 7.869423e-01
61 7.721881e-01
62 7.577318e-01
63 7.435214e-01
64 7.297126e-01
65 7.162649e-01
66 7.031994e-01
67 6.903428e-01
68 6.777864e-01
69 6.653668e-01
70 6.531255e-01
71 6.410554e-01
72 6.289091e-01
73 6.168866e-01
74 6.050686e-01
75 5.931195e-01
76 5.812875e-01
77 5.696580e-01
78 5.581024e-01
79 5.466323e-01
80 5.353826e-01
81 5.243516e-01
82 5.135751e-01
83 5.028251e-01
84 4.923114e-01
85 4.819913e-01
86 4.719341e-01
87 4.618807e-01
88 4.519801e-01
89 4.421583e-01
90 4.323484e-01
91 4.227390e-01
92 4.132066e-01
93 4.038489e-01
94 3.945282e-01
95 3.850866e-01
96 3.758853e-01
97 3.667392e-01
98 3.576214e-01
99 3.486367e-01
100 3.397985e-01
101 3.311102e-01
102 3.226125e-01
103 3.142409e-01
104 3.058230e-01
105 2.974135e-01
106 2.890799e-01
107 2.807909e-01
108 2.728089e-01
109 2.649100e-01
110 2.569280e-01
111 2.489779e-01
112 2.411106e-01
113 2.334657e-01
114 2.257488e-01
115 2.181587e-01
116 2.106088e-01
117 2.031301e-01
118 1.957535e-01
119 1.885169e-01
120 1.814072e-01
121 1.743981e-01
122 1.673856e-01
123 1.604682e-01
124 1.535831e-01
125 1.467521e-01
126 1.399544e-01
127 1.331934e-01
128 1.266062e-01
129 1.201910e-01
130 1.138630e-01
131 1.078113e-01
132 1.019461e-01
133 9.624703e-02
134 9.068143e-02
135 8.535666e-02
136 8.032901e-02
137 7.550168e-02
138 7.087381e-02
139 6.645885e-02
140 6.234951e-02
141 5.853772e-02
142 5.500545e-02
143 5.180211e-02
144 4.885221e-02
145 4.620336e-02
146 4.388177e-02
147 4.184386e-02
148 4.010882e-02
149 3.869282e-02
150 3.757983e-02
151 3.670685e-02
152 3.608079e-02
153 3.564720e-02
154 3.540416e-02
155 3.537734e-02
156 3.549163e-02
157 3.571548e-02
158 3.601627e-02
159 3.638330e-02
160 3.686645e-02
161 3.742646e-02
162 3.807439e-02
163 3.875299e-02
164 3.945391e-02
165 4.022558e-02
166 4.103825e-02
167 4.180987e-02
168 4.263890e-02
169 4.349516e-02
170 4.432984e-02
171 4.515306e-02
172 4.599572e-02
173 4.684785e-02
174 4.769054e-02
175 4.853305e-02
176 4.935820e-02
177 5.019219e-02
178 5.096173e-02
179 5.170938e-02
180 5.249223e-02
181 5.323808e-02
182 5.391609e-02
183 5.452597e-02
184 5.507994e-02
185 5.560090e-02
186 5.603106e-02
187 5.642138e-02
188 5.678293e-02
189 5.707810e-02
190 5.729659e-02
191 5.751562e-02
192 5.770423e-02
193 5.787124e-02
194 5.802349e-02
195 5.818211e-02
196 5.833676e-02
197 5.847616e-02
198 5.851952e-02
199 5.852668e-02
200 5.849205e-02
201 5.847283e-02
202 5.848279e-02
203 5.847975e-02
204 5.848568e-02
205 5.846391e-02
206 5.845295e-02
207 5.846601e-02
208 5.854788e-02
209 5.860253e-02
210 5.860847e-02
211 5.859191e-02
212 5.856182e-02
213 5.853213e-02
214 5.849334e-02
215 5.846525e-02
216 5.841738e-02
217 5.835846e-02
218 5.831421e-02
219 5.821524e-02
220 5.802632e-02
221 5.783979e-02
222 5.764556e-02
223 5.745224e-02
224 5.724993e-02
225 5.702154e-02
226 5.671201e-02
227 5.628240e-02
228 5.577695e-02
229 5.524925e-02
230 5.471196e-02
231 5.419409e-02
232 5.366795e-02
233 5.307861e-02
234 5.245067e-02
235 5.176687e-02
236 5.101991e-02
237 5.025121e-02
238 4.946175e-02
239 4.865210e-02
240 4.790395e-02
241 4.717394e-02
242 4.642981e-02
243 4.574688e-02
244 4.513546e-02
245 4.458108e-02
246 4.410196e-02
247 4.366456e-02
248 4.326148e-02
249 4.291513e-02
250 4.254457e-02
251 4.221841e-02
252 4.187881e-02
253 4.159007e-02
254 4.132778e-02
255 4.107611e-02
256 4.081257e-02
257 4.058936e-02
258 4.034983e-02
259 4.009889e-02
260 3.982713e-02
261 3.956691e-02
262 3.931699e-02
263 3.908657e-02
264 3.883654e-02
265 3.856474e-02
266 3.827862e-02
267 3.791247e-02
268 3.752664e-02
269 3.709103e-02
270 3.663020e-02
271 3.616939e-02
272 3.570909e-02
273 3.523104e-02
274 3.475974e-02
275 3.423588e-02
276 3.373772e-02
277 3.329175e-02
278 3.285267e-02
279 3.241019e-02
280 3.197536e-02
281 3.153120e-02
282 3.111785e-02
283 3.077171e-02
284 3.044788e-02
285 3.015291e-02
286 2.989367e-02
287 2.965043e-02
288 2.943536e-02
289 2.927356e-02
290 2.912179e-02
291 2.898015e-02
292 2.879592e-02
293 2.855376e-02
294 2.830686e-02
295 2.807815e-02
296 2.784621e-02
297 2.764951e-02
298 2.744257e-02
299 2.733518e-02
300 2.728726e-02
301 2.727423e-02
302 2.733211e-02
303 2.740160e-02
304 2.756793e-02
305 2.779000e-02
306 2.808690e-02
307 2.842678e-02
308 2.883929e-02
309 2.928419e-02
310 2.975231e-02
311 3.029079e-02
312 3.085072e-02
313 3.146776e-02
314 3.212913e-02
315 3.281879e-02
316 3.356963e-02
317 3.432520e-02
318 3.505357e-02
319 3.577996e-02
320 3.651698e-02
321 3.729415e-02
322 3.810519e-02
323 3.892140e-02
324 3.966481e-02
325 4.045689e-02
326 4.125616e-02
327 4.203656e-02
328 4.280427e-02
329 4.356798e-02
330 4.437370e-02
331 4.515761e-02
332 4.596077e-02
333 4.675222e-02
334 4.754756e-02
335 4.830607e-02
336 4.909619e-02
337 4.988727e-02
338 5.067996e-02
339 5.148686e-02
340 5.232222e-02
341 5.318175e-02
342 5.403693e-02
343 5.493009e-02
344 5.580171e-02
345 5.670170e-02
346 5.763435e-02
347 5.862832e-02
348 5.962132e-02
349 6.069485e-02
350 6.175819e-02
351 6.280586e-02
352 6.390342e-02
353 6.502656e-02
354 6.617242e-02
355 6.730866e-02
356 6.846370e-02
357 6.964344e-02
358 7.082163e-02
359 7.199858e-02
360 7.319603e-02
361 7.445830e-02
362 7.569821e-02
363 7.701101e-02
364 7.836258e-02
365 7.969121e-02
366 8.099417e-02
367 8.230029e-02
368 8.360861e-02
369 8.488677e-02
370 8.616733e-02
371 8.746072e-02
372 8.882024e-02
373 9.020491e-02
374 9.158704e-02
375 9.290204e-02
376 9.424374e-02
377 9.555382e-02
378 9.683833e-02
379 9.805649e-02
380 9.925565e-02
381 1.004667e-01
382 1.016060e-01
383 1.027343e-01
384 1.038048e-01
385 1.048660e-01
386 1.059259e-01
387 1.068990e-01
388 1.078274e-01
389 1.087287e-01
390 1.096811e-01
391 1.106159e-01
392 1.115290e-01
393 1.124603e-01
394 1.134139e-01
395 1.143467e-01
396 1.152906e-01
397 1.162225e-01
398 1.171667e-01
399 1.180813e-01
400 1.189794e-01
401 1.198495e-01
402 1.207199e-01
403 1.215813e-01
404 1.224214e-01
405 1.232120e-01
406 1.240126e-01
407 1.247356e-01
408 1.254550e-01
409 1.261567e-01
410 1.268592e-01
411 1.274970e-01
412 1.281285e-01
413 1.287601e-01
414 1.293872e-01
415 1.300060e-01
416 1.305715e-01
417 1.310749e-01
418 1.315494e-01
419 1.319503e-01
420 1.323731e-01
421 1.327508e-01
422 1.331085e-01
423 1.333750e-01
424 1.336317e-01
425 1.338482e-01
426 1.340569e-01
427 1.342332e-01
428 1.344030e-01
429 1.345524e-01
430 1.346600e-01
431 1.347265e-01
432 1.347707e-01
433 1.347796e-01
434 1.346411e-01
435 1.345210e-01
436 1.343869e-01
437 1.342295e-01
438 1.340158e-01
439 1.336903e-01
440 1.333405e-01
441 1.329777e-01
442 1.325651e-01
443 1.321572e-01
444 1.317313e-01
445 1.313341e-01
446 1.309307e-01
447 1.305129e-01
448 1.301000e-01
449 1.296701e-01
450 1.292735e-01
451 1.288680e-01
452 1.284053e-01
453 1.279348e-01
454 1.274679e-01
455 1.269894e-01
456 1.264938e-01
457 1.259733e-01
458 1.254541e-01
459 1.249492e-01
460 1.244019e-01
461 1.238310e-01
462 1.232437e-01
463 1.226461e-01
464 1.220089e-01
465 1.214019e-01
466 1.208045e-01
467 1.201822e-01
468 1.196217e-01
469 1.190210e-01
470 1.184340e-01
471 1.178200e-01
472 1.171626e-01
473 1.164774e-01
474 1.158002e-01
475 1.151098e-01
476 1.144162e-01
477 1.137247e-01
478 1.130353e-01
479 1.123386e-01
480 1.115902e-01
481 1.108489e-01
482 1.100834e-01
483 1.093524e-01
484 1.086618e-01
485 1.078845e-01
486 1.070937e-01
487 1.062847e-01
488 1.054655e-01
489 1.046669e-01
490 1.038599e-01
491 1.030371e-01
492 1.021886e-01
493 1.013488e-01
494 1.005003e-01
495 9.963592e-02
496 9.876024e-02
497 9.788102e-02
498 9.702255e-02
499 9.619399e-02
500 9.534900e-02
