#shannon= 2.743970e+00
0 2.743970e+00
1 2.630355e+00
2 2.552826e+00
3 2.488234e+00
4 2.432252e+00
5 2.382844e+00
6 2.338823e+00
7 2.299414e+00
8 2.264073e+00
9 2.232404e+00
10 2.204103e+00
11 2.178938e+00
12 2.156723e+00
13 2.137315e+00
14 2.120599e+00
15 2.106483e+00
16 2.094901e+00
17 2.085800e+00
18 2.079147e+00
19 2.074925e+00
20 2.073130e+00
21 2.073777e+00
22 2.076896e+00
23 2.082581e+00
24 2.090738e+00
25 2.101541e+00
26 2.115118e+00
27 2.131648e+00
28 2.150521e+00
29 2.170091e+00
30 2.187610e+00
31 2.202577e+00
32 2.214435e+00
33 2.219989e+00
34 2.216375e+00
35 2.200680e+00
36 2.180358e+00
37 2.157332e+00
38 2.132898e+00
39 2.109258e+00
40 2.087641e+00
41 2.068293e+00
42 2.051983e+00
43 2.038191e+00
44 2.026614e+00
45 2.014829e+00
46 2.005638e+00
47 1.998089e+00
48 1.991837e+00
49 1.987564e+00
50 1.985059e+00
51 1.984066e+00
52 1.984213e+00
53 1.986695e+00
54 1.990620e+00
55 1.996508e+00
56 2.003978e+00
57 2.013115e+00
58 2.023653e+00
59 2.033619e+00
60 2.043856e+00
61 2.055379e+00
62 2.068525e+00
63 2.081931e+00
64 2.094646e+00
65 2.106064e+00
66 2.116426e+00
67 2.123383e+00
68 2.121754e+00
69 2.115513e+00
70 2.104012e+00
71 2.091894e+00
72 2.076545e+00
73 2.056937e+00
74 2.038084e+00
75 2.019905e+00
76 2.003172e+00
77 1.986419e+00
78 1.971802e+00
79 1.959057e+00
80 1.946145e+00
81 1.934617e+00
82 1.924239e+00
83 1.914623e+00
84 1.906918e+00
85 1.900486e+00
86 1.895771e+00
87 1.892658e+00
88 1.890549e+00
89 1.889903e+00
90 1.890600e+00
91 1.892255e+00
92 1.895515e+00
93 1.897106e+00
94 1.897725e+00
95 1.900724e+00
96 1.903960e+00
97 1.908647e+00
98 1.913034e+00
99 1.916006e+00
100 1.914638e+00
